%3x+z=8
%x+	6y+2z=23
%2y+z=7
A=[3 0 1; 1 6 2; 0 2 1];
B=[8;23;7];
X=A\B;

%2w+3x–2z=27
%w+4y+z=17
%5x–3y+2z=35
%w+x+y+z=18
A=[2 3 0 -2; 1 0 4 1; 0 5 -3 2; 1 1 1 1];
B=[27;17;35;18];
X=A\B;